
camera_poses = [
np.array([[  0.225169035924299,  -0.281416790492896,   0.932793382957662, -0.0864947971791212],
  [  0.326093087298729,    0.92393308487049,   0.200027380869928,    0.15808375743063],
  [ -0.918129731397968,   0.259137501551545,    0.29980919200838,  -0.243737657004341],
  [                  0,                   0,                   0,                   1]]),
np.array([[-0.524135799933748,  0.828164787428995,  0.198556662165988,  0.237698873696004],
  [-0.349027213164396, -0.421556075536952,  0.836941144674211, -0.128838768027975],
  [ 0.776827952444108,  0.369369137910265,  0.510004678665718, -0.408915635928962],
  [                 0,                  0,                  0,                  1]]),
np.array([[  0.996784958566803,  0.0146818662658792, -0.0787666755546259,   0.556679738888121],
  [ 0.0132609161771316,   0.939280271856196,   0.342894617927862,    0.09028637524029],
  [ 0.0790183173518644,  -0.342836715806085,   0.936065751866918,  -0.425961298224383],
  [                  0,                   0,                   0,                   1]]),
np.array([[ 0.596258720512979,  0.289843204814902,  -0.74864307572758,  0.836888866768271],
  [0.0999755915539897,  0.898479889139719,  0.427479554955448,  0.110292806232759],
  [  0.79654279188607, -0.329734446841856,  0.506749223245818, -0.266740283196865],
  [                 0,                  0,                  0,                  1]]),
np.array([[ -0.707928428406338,   0.115918213727379,   0.696706758959884, -0.0460579313365452],
  [ -0.116157920723244,  -0.992116227149393,  0.0470396564624655,   0.334204000272544],
  [   0.69666683408024, -0.0476272984023631,    0.71581210016282,  -0.344701867309885],
  [                  0,                   0,                   0,                   1]]),
np.array([[  0.971716800631531, -0.0261927287217576,   0.234692139477506,   0.229572908785335],
  [0.00143456165579136,   0.994466183010981,   0.105047383977072,   0.294391104224806],
  [ -0.236144873760318,  -0.101739627528702,   0.966377072775966,  -0.545566250460078],
  [                  0,                   0,                   0,                   1]]),
np.array([[  0.925132118500649,    0.02480590310947,  -0.378834040827147,   0.643884760363074],
  [-0.0332711622035069,   0.999321231800237, -0.0158147222196693,   0.331991171539234],
  [  0.378184601860161,  0.0272349562911519,   0.925329489463991,  -0.450203001224919],
  [                  0,                   0,                   0,                   1]]),
np.array([[   0.999260675893752, -0.00607075389184108,   0.0379637664035959,    0.736027676955933],
  [ 0.00236096579048158,    0.995280560104722,   0.0970104763320328,    0.317600066126298],
  [ -0.0383735254165978,  -0.0968491229945652,    0.994559058036417,   -0.378442584196079],
  [                   0,                    0,                    0,                    1]]),
np.array([[  0.908997829889294,  0.0188402681530824,  -0.416374818585939,   0.241853321653626],
  [ 0.0018140040133658,   0.998789575923142,  0.0491537629964315,   0.488043460934028],
  [  0.416796898556111, -0.0454359694866283,   0.907863380708142,  -0.563728707197584],
  [                  0,                   0,                   0,                   1]]),
np.array([[ 0.900542885538164,  0.134152061895053,  0.413552578998006,  0.122966054113858],
  [-0.153894958096627,  0.987978923193701, 0.0146283696101705,  0.510872351398286],
  [-0.406618805737061, -0.076817130995112,   0.91036271628766, -0.678361566368602],
  [                 0,                  0,                  0,                  1]]),
np.array([[  0.820020014590366,  -0.277276542690033,  -0.500684426105984,    0.66704668051995],
  [  0.308211243755206,   0.951065657566087, -0.0219076292933598,   0.522552577872082],
  [  0.482258234656585,  -0.136351875206206,   0.865352622480377,  -0.442947512266385],
  [                  0,                   0,                   0,                   1]]),
np.array([[    0.963270370890035,    0.0293175185528063,     0.266928221946051,     0.743862193044796],
  [-6.64049851217818e-09,     0.994022390464391,    -0.109176404298078,      0.53176654381186],
  [    -0.26853341051976,     0.105166393688114,     0.957512316930316,    -0.356768847174114],
  [                    0,                     0,                     0,                     1]]),
np.array([[  0.718633197047382,  -0.647346390348054,  -0.253986178767277,   0.104113940535347],
  [   0.63711519155888,   0.759284318436778,  -0.132557747645659,   0.724751176415674],
  [  0.278658502088759, -0.0665580549546213,   0.958081136717714,  -0.464001855436801],
  [                  0,                   0,                   0,                   1]]),
np.array([[  0.950228640194368,  0.0567181786871146,   0.306347155300614,   0.146048886819679],
  [-0.0466109982106657,   0.998103318941492, -0.0402141711811025,   0.708725448546472],
  [ -0.308046987000632,  0.0239335104904031,   0.951070050456557,  -0.696717602399718],
  [                  0,                   0,                   0,                   1]]),
np.array([[   0.928476847933595, 0.000303535676004316,   -0.371390159693804,      0.6489666493541],
  [  0.0104563931308107,    0.999581878223757,   0.0269579778425804,    0.683242987857735],
  [   0.371243056088581,  -0.0289132598086158,    0.928085457656379,   -0.437937118543588],
  [                   0,                    0,                    0,                    1]]),
np.array([[   0.994865995365685, -0.00839873895901261,    0.100851933293035,    0.775320574867507],
  [ 0.00135333678085474,    0.997565331914358,    0.069725010162448,    0.674389581403903],
  [  -0.101191994468941,  -0.0692305550064006,    0.992455193199624,   -0.359415148851561],
  [                   0,                    0,                    0,                    1]]),
np.array([[   0.982872317913958,  -0.0397011002021581,   -0.179960632698328,    0.917836632494366],
  [2.12834538187989e-10,    0.976519319832694,   -0.215429844713988,    0.757357857450972],
  [   0.184287836490758,     0.21174003078358,    0.959793807380171,   -0.333703178576133],
  [                   0,                    0,                    0,                    1]]),
np.array([[  -0.886659365024125,    0.225575279126527,   -0.403671851708791,    0.130352762298167],
  [-0.00344742430290926,   -0.876149305470515,   -0.482027498996904,    0.948849154690201],
  [  -0.462410300145542,    -0.42600256803278,    0.777623640554211,   -0.387377835476895],
  [                   0,                    0,                    0,                    1]]),
np.array([[  0.958182011592549, -0.0227076808822958,  -0.285257066326857,   0.384911925506622],
  [-0.0195070211696087,   0.989344555138604,  -0.144280377538621,    0.92410054188916],
  [  0.285493798156012,   0.143811378014907,   0.947529196789159,  -0.485825429592026],
  [                  0,                   0,                   0,                   1]]),
np.array([[  0.999799569774539,  0.0159212214293562, -0.0121381624162735,   0.522731019069484],
  [-0.0183496008412637,   0.971208486736236,  -0.237523403984695,   0.931003284987396],
  [0.00800702364257289,   0.237698527550567,   0.971305975258404,  -0.451021070497066],
  [                  0,                   0,                   0,                   1]]),
np.array([[   0.758847564246306, 0.000368468792890498,    -0.65126817707316,     0.82774472142106],
  [  0.0104160352323231,    0.999865069822945,   0.0127022973510861,    0.874872541081434],
  [    0.65118498174289,  -0.0164227396832889,    0.758741334826176,   -0.352117237267352],
  [                   0,                    0,                    0,                    1]]),
np.array([[  0.950043847524929, -0.0413250199714309,  -0.309368599738872,   0.405388051890038],
  [0.00870201084867976,   0.994317765438206,  -0.106096448296639,     1.0975119819754],
  [  0.311995132633859,  0.0981041490373005,   0.945005086311417,  -0.469895711946162],
  [                  0,                   0,                   0,                   1]]),
np.array([[   0.914048170223306,   0.0390765969157692,    0.403718914697971,    0.475354685252411],
  [-0.00239342325194095,    0.995850657438741,  -0.0909710921335126,      1.0803432613937],
  [  -0.405598587320719,   0.0821856900701665,    0.910348998083223,   -0.383403995467613],
  [                   0,                    0,                    0,                    1]]),
np.array([[   0.700873542735283, -0.00830186775983224,   -0.713237236889236,    0.835500470960458],
  [-0.00575680349970863,    0.999833861130521,  -0.0172947781223253,     1.06356736464307],
  [   0.713262319421936,   0.0162274190348613,    0.700709308175871,   -0.324326815807275],
  [                   0,                    0,                    0,                    1]]),
np.array([[ -0.245943880067202,  -0.966448329122072,  0.0740893716712801,   0.267957777708431],
  [  0.934886020118223,  -0.256704233810088,  -0.245134790944666,    1.28743897876171],
  [  0.255929164506508, 0.00897571619042922,   0.966653867355772,  -0.407586084046885],
  [                  0,                   0,                   0,                   1]]),
np.array([[   0.89208134235057,  0.0931117663368908,   0.442177653889959,   0.492120447326193],
  [-0.0808099949111663,   0.995638412230291, -0.0466250663699405,    1.24278797721002],
  [ -0.444590399527994,  0.0058609778338019,   0.895714812642043,  -0.357344217886018],
  [                  0,                   0,                   0,                   1]]),
np.array([[   0.780737904748657,   0.0355342519615294,   -0.623847450123996,    0.817204134176188],
  [4.21942124405397e-05,    0.998378724588854,   0.0569202996125512,     1.21976833049598],
  [   0.624858641860962,    -0.04446615820901,    0.779470614241361,   -0.321326631950804],
  [                   0,                    0,                    0,                    1]]),
np.array([[  0.494702668477183,  -0.868963495520128,  0.0131039404376914,   0.270839136923751],
  [  0.857976392907396,   0.490737331390719,   0.151833398147867,    1.36888217110699],
  [ -0.138368273152365, -0.0638695156781045,   0.988319232814922,  -0.457497888272594],
  [                  0,                   0,                   0,                   1]]),
np.array([[  0.909113087808931, -0.0163644178759953,   0.416227821513761,    0.51304284287526],
  [ 0.0121570897707437,   0.999844723402406,  0.0127567336207948,    1.40129702678359],
  [ -0.416371947593516, -0.0065371945011329,   0.909170867518992,  -0.384318174087075],
  [                  0,                   0,                   0,                   1]]),
np.array([[ 0.648462007327392,  0.204918481330321, -0.733147625694992,  0.848460246527094],
  [-0.191402761944485,  0.976037862806195,  0.103513637211426,    1.3977871953682],
  [ 0.736791699039119, 0.0732018194991827,  0.672145435042936, -0.304801445274583],
  [                 0,                  0,                  0,                  1]]),
np.array([[ 0.937607696083535, -0.217790034486062,  0.271033778565486,  0.209024010887114],
  [0.0156179778740488,  0.805109851602126,  0.592920066805239,   1.45108506179691],
  [-0.347344047037013,   -0.5516934182422,  0.758278632994618, -0.395679994794858],
  [                 0,                  0,                  0,                  1]]),
np.array([[     0.7381694948907, -0.00256819837212838,    0.674610406953473,    0.345735417248764],
  [-0.00226045278929017,    0.999977724005327,  0.00628027438204334,     1.58188690817657],
  [  -0.674611508326085, -0.00616083194445009,     0.73814724613979,   -0.484330511692261],
  [                   0,                    0,                    0,                    1]]),
np.array([[  0.59480370502265,   0.30497071950596, -0.743775108978074,  0.858403184263674],
  [-0.013499573940293,  0.928900897399888,  0.370082266953056,   1.51952092808065],
  [ 0.803757621422503,  -0.21008565646826,  0.556630670149913, -0.329728456620702],
  [                 0,                  0,                  0,                  1]]),
np.array([[  0.765407435317286,  -0.368280271462799,  -0.527750982578243,    0.39606812814843],
  [-0.0119333643167407,   0.811803998471692,  -0.583808070243515,    1.80060142951796],
  [  0.643435352445837,   0.453148882506247,   0.616965993800502,  -0.413634161704251],
  [                  0,                   0,                   0,                   1]]) 
  
 ]
